[
  {
    "name": "L_el10_0",
    "pos": [
      1.2347592105174159,
      0.8263110903435931,
      1.2041099582756045
    ],
    "R": [
      [
        0.6427876096865394,
        -0.14742559617022466,
        -0.7517245389285354
      ],
      [
        -0.766044443118978,
        -0.12370476337252616,
        -0.6307717833618449
      ],
      [
        0.0,
        0.9813066926872565,
        -0.19245044787476814
      ]
    ]
  },
  {
    "name": "L_el10_1",
    "pos": [
      1.079875550240522,
      0.9890071684052388,
      1.1739719632723649
    ],
    "R": [
      [
        0.766044443118978,
        -0.10891672634992318,
        -0.6334927449369493
      ],
      [
        -0.6427876096865394,
        -0.12980189992112137,
        -0.7549672546609768
      ],
      [
        0.0,
        0.9855397574416178,
        -0.16944434632621078
      ]
    ]
  },
  {
    "name": "L_el35_0",
    "pos": [
      1.0573680469002105,
      0.6774622303782875,
      1.7300114154516475
    ],
    "R": [
      [
        0.6427876096865393,
        -0.4549552622025896,
        -0.6163114458028816
      ],
      [
        -0.7660444431189781,
        -0.38175279271635554,
        -0.517146706863534
      ],
      [
        0.0,
        0.8045374538499971,
        -0.5939019155993385
      ]
    ]
  },
  {
    "name": "L_el35_1",
    "pos": [
      0.9330482634221612,
      0.8140252218485968,
      1.718099217335145
    ],
    "R": [
      [
        0.766044443118978,
        -0.3759077447379322,
        -0.5214108539458845
      ],
      [
        -0.6427876096865394,
        -0.4479894052754179,
        -0.6213932584076227
      ],
      [
        0.0,
        0.8111712890672469,
        -0.5848086351901629
      ]
    ]
  },
  {
    "name": "L_el60_0",
    "pos": [
      0.7761768381631164,
      0.4415147908366983,
      2.0674830908319404
    ],
    "R": [
      [
        0.6427876096865393,
        -0.6522974642614506,
        -0.40166168220474646
      ],
      [
        -0.766044443118978,
        -0.5473425616796582,
        -0.3370341693960486
      ],
      [
        0.0,
        0.5243320877955412,
        -0.8515138646598592
      ]
    ]
  },
  {
    "name": "L_el60_1",
    "pos": [
      0.6465841399893536,
      0.4726305735981972,
      2.107612932886141
    ],
    "R": [
      [
        0.766044443118978,
        -0.5670333735583162,
        -0.30273596488955523
      ],
      [
        -0.6427876096865395,
        -0.6757640600589379,
        -0.360786673764602
      ],
      [
        0.0,
        0.4709735538262583,
        -0.8821473298697132
      ]
    ]
  },
  {
    "name": "R_el10_0",
    "pos": [
      1.0764557566721433,
      -0.9849316171341932,
      1.2029596460625136
    ],
    "R": [
      [
        -0.7660444431189781,
        -0.12314033101420525,
        -0.6308822156664797
      ],
      [
        -0.6427876096865393,
        0.14675293187941937,
        0.7518561470243226
      ],
      [
        0.0,
        0.9814784948548319,
        -0.19157234700627734
      ]
    ]
  },
  {
    "name": "R_el10_1",
    "pos": [
      1.234595604941395,
      -0.8261738089650962,
      1.205196531533523
    ],
    "R": [
      [
        -0.6427876096865396,
        -0.14806098804177725,
        -0.7515996491840304
      ],
      [
        -0.7660444431189778,
        0.12423792045759904,
        0.6306669884232935
      ],
      [
        0.0,
        0.981143660704417,
        -0.1932798930554754
      ]
    ]
  },
  {
    "name": "R_el35_0",
    "pos": [
      0.9520740347988789,
      -0.8366992532386766,
      1.6752747918169149
    ],
    "R": [
      [
        -0.7660444431189781,
        -0.3548947612940363,
        -0.5359343425948591
      ],
      [
        -0.6427876096865393,
        0.42294710676503244,
        0.6387016781820396
      ],
      [
        0.0,
        0.8337658264075936,
        -0.5521182361730708
      ]
    ]
  },
  {
    "name": "R_el35_1",
    "pos": [
      1.0740228156455514,
      -0.6914372406898465,
      1.6996636607451099
    ],
    "R": [
      [
        -0.6427876096865396,
        -0.4372089054614453,
        -0.6290250088976351
      ],
      [
        -0.7660444431189779,
        0.3668618313201213,
        0.5278146529672912
      ],
      [
        0.0,
        0.8211338317872745,
        -0.5707356921503579
      ]
    ]
  },
  {
    "name": "R_el60_0",
    "pos": [
      0.6775864242799282,
      -0.5095776572801166,
      2.080539037280572
    ],
    "R": [
      [
        -0.7660444431189781,
        -0.5537488212674883,
        -0.32640182920964467
      ],
      [
        -0.6427876096865393,
        0.6599321471403384,
        0.38899055258991583
      ],
      [
        0.0,
        0.5077911028322672,
        -0.8614802353416995
      ]
    ]
  },
  {
    "name": "R_el60_1",
    "pos": [
      0.725647309800558,
      -0.39911548222411397,
      2.1055017810931753
    ],
    "R": [
      [
        -0.6427876096865396,
        -0.6745295287660971,
        -0.3630895256765909
      ],
      [
        -0.7660444431189778,
        0.565997478805817,
        0.3046682870795612
      ],
      [
        0.0,
        0.4739797134984215,
        -0.8805357637211303
      ]
    ]
  }
]